0
.6250
.8750
8.145
7.312
6.333
5.166
5.916
8.541
7.812
4.583
.4583
6.916
1.416
6.250
7.791
.5000
7.166
5.833
6.583
7.312
8.125
8.062
7.479
1.250
5.416
7.750
3.166
.9583
.2083
6.750
7.833
8.229
2.500
4.166
6.458
8.041
8.270
7.437
6.166
5.625
4.125
7.479
7.812
6.000
7.541
6.875
6.541
7.666
6.937
6.666
8.875
8.375
6.833
6.166
3.416
2.250
2.416
5.666
7.458
6.875
8.083
4.583
7.395
2.333
7.395
6.416
7.729
3.041
2.416
7.875
6.416
6.958
1.458
6.958
2.000
6.791
3.812
.2083
8.437
5.916
5.958
6.208
4.375
8.583
9.125
7.500
6.958
7.583
8.791
8.291
6.166
8.145
7.729
8.562
8.333
4.250
7.375
5.625
6.750
6.166
5.583
8.229
8.750
5.500
4.000
7.500
7.500
5.645
3.041
3.958
7.937
4.666
6.875
7.833
7.270
9.104
5.333
5.333
7.812
5.250
6.854
7.708
5.625
8.000
7.562
7.166
